#datasetID finalState XS BF filterEff relUncertainty
#https://twiki.cern.ch/twiki/bin/view/LHCPhysics/CERNYellowReportPageAt8TeV
#ggH
169670	0	19.27	1.000000	1.000000	0.08
169671	0	19.27	1.000000	1.000000	0.08
169890	0	19.27	1.000000	1.000000	0.08
189894  0   	19.27 	1.000000    	1.000000 	0.08
#VBF
169672  0   	1.578 	1.000000    	1.000000 	0.02
169673  0  	1.578   1.000000    	1.000000 	0.02
189889	0	1.578	1.000000	1.000000	0.02
189893  0   	1.578 	1.000000    	1.000000 	0.02
#WH
169892	0	0.7046	1.000000	1.000000	0.01
189896  0   	0.7046 	1.000000    	1.000000 	0.01
#ZH
169891	0	0.4153	1.000000	1.000000	0.03
189895  0   	0.4153 	1.000000    	1.000000 	0.03

