144871
157954
144873
157955
144876
144874
144877
144879
157956
144880
144883
144881
144884
157957
144885
144888
144889
144886
144890
157958
144891
144894
144895
144892
144896
157959
157461
157960
157961
157464
157962
157965
157963
157966
157967
157467
157964
157968
144902
157969
144904
157970
144907
144905
144908
144910
157971
144911
144914
144912
144915
157972
144916
144919
144920
144917
144921
157973
144922
144925
144926
144923
144927
157977
157974
157978
157979
157975
157980
157983
157981
157984
157985
157976
157982
157986
164374
164375
164376
164377
164378
164379
164380
164381
164382
164383
164384
164385
164386
164387
164388
164389
164390
164391
164392
164393
164394
164395
164396
164397
164398
164399
164400
164401
164402
164403
164404
164405
164406
164407
164408
164409
164410
164411
164412
164413
164414
164415
164416
164417
164418
164419
164420
164421
164422
164423
